3 dimension: 400 x 400 x 400 and iterative method:MGRBGS
num=64000000
sizeof=8
  1_399_  1_399_  1_399___400_400_400_2.506266e-03
  1_199_  1_199_  1_199___200_200_200_5.012531e-03
  1_ 99_  1_ 99_  1_ 99___100_100_100_1.002506e-02
  1_ 49_  1_ 49_  1_ 49___ 50_ 50_ 50_2.005013e-02
iter:      0	delta=    1.33492e+06	time:0.465831s
iter:    112	delta=         442513	time:18.372355s
iter:    224	delta=         125062	time:32.589849s
iter:    336	delta=        35266.2	time:48.408356s
iter:    448	delta=        9690.91	time:66.601160s
iter:    560	delta=        2627.49	time:79.488127s
iter:    672	delta=        711.857	time:95.862959s
iter:    784	delta=        194.663	time:116.141175s
